{"PlateNumber": "AFA1119", "DMIInfo": [{"DMIName": "LeftRear", "circumference": 2074, "ticks": 2048, "id": 1}, {"DMIName": "RightRear", "circumference": 2074, "ticks": 65536, "id": 2}], "InsRawInfo": {"IMU2VehicleRotation": [0, 0, 0], "LeverArms_Main": [-0.604, 1.119, 1.123], "CoodSystem": "WGS84", "INSType": "SPAN Ground Vehicle(CPT)", "LeverArms_Assi": [0.603, 1.125, 1.131]}, "LidarParam": [{"LiDAR-IMUParadata": [[-0.999994, 0.002215, 0.002707, -0.005], [-0.002231, -0.999982, -0.005647, 1.123], [0.002695, -0.005653, 0.99998, 1.388], [0.0, 0.0, 0.0, 1.0]], "LiDARType": "PAN64", "LiDARHeight": 1.939, "id": 1, "LiDARName": "LiDAR_1"}, {"LiDAR-IMUParadata": [[0.021081, -0.999679, 0.0140188, 0.793034], [0.959321, 0.0162767, -0.281848, -0.70509], [0.28153, 0.0193907, 0.959356, 0.689951], [0.0, 0.0, 0.0, 1.0]], "LiDARType": "HDL32E", "LiDARHeight": 1.241, "id": 2, "LiDARName": "LiDAR_2"}, {"LiDAR-IMUParadata": [[-0.017403, -0.999847, 0.0019323, -0.741685], [0.959907, -0.0172493, -0.279788, -0.725192], [0.279778, -0.00301377, 0.960059, 0.688315], [0.0, 0.0, 0.0, 1.0]], "LiDARType": "HDL32E", "LiDARHeight": 1.239, "id": 3, "LiDARName": "LiDAR_3"}], "CameraParam": [{"p2": 0.0, "k2": 0.276285252769847, "LiDAR_1-CameraParadata": [[-0.9999189377, 0.0001342673, -0.0127304494, 0.3378086686], [0.0127302445, -0.0014287779, -0.9999179244, -0.1627094597], [-0.0001524452, -0.9999989867, 0.0014269529, -0.4200234115], [0.0, 0.0, 0.0, 1.0]], "nx": 2048.0, "width": 1920, "encoding": "yuyv", "fx": 1941.30742484203, "fy": 1938.81260562034, "p1": 0.0, "k1": -0.561625157388133, "height": 1080, "k3": 0.0, "Camera-IMUParadata": [[0.999878809918961, -0.015440111506698, -0.002058690567842, -0.346144679976567], [0.002168443264075, 0.00704688782931, 0.999973235986308, 1.543426246366965], [-0.015425735745259, -0.999855585074845, 0.007079507564922, 1.233498544147885], [0.0, 0.0, 0.0, 1.0]], "cy": 549.661090219282, "cx": 966.257246031265, "is_bigendian": 0, "k4": 0.0, "step": 2160, "id": 1, "cameraName": "Forward_Left", "ny": 2048.0}, {"xi": 0, "fx": 0, "encoding": "yuyv", "height": 1080, "cy": 0, "cx": 0, "id": 2, "k3": 0.0, "ny": 2048.0, "nx": 2048.0, "k2": 0, "k1": 0, "k4": 0.0, "cameraName": "Forward_Ahead", "skew_coefficient": 0, "fy": 0, "Camera-IMUParadata": [[1, 0, 0, 0], [0, 1, 0, 0], [0, 0, 1, 0], [0, 0, 0, 1]], "step": 2160, "is_bigendian": 0, "p2": 0, "LiDAR_1-CameraParadata": [[1, 0, 0, 0], [0, 1, 0, 0], [0, 0, 1, 0], [0, 0, 0, 1]], "p1": 0, "width": 1920}, {"p2": 0.0, "k2": 0.278854702861268, "LiDAR_1-CameraParadata": [[-0.9997529398, -0.01146623058, -0.01904166116, -0.361639], [0.01946361831, -0.0378877872, -0.9990924297, -0.234265], [0.01073437777, -0.9992162134, 0.03810160098, -0.43483], [0.0, 0.0, 0.0, 1.0]], "nx": 2048.0, "width": 1920, "encoding": "yuyv", "fx": 1951.61840643442, "fy": 1952.62990021568, "p1": 0.0, "k1": -0.563288245266111, "height": 1080, "k3": 0.0, "Camera-IMUParadata": [[0.999669997862439, -0.0222519661790517, -0.0128444362370325, 0.34572165529109], [0.0138040012640654, 0.0434855568473361, 0.998959119386197, 1.57255660307068], [-0.0216707959055548, -0.998805813798313, 0.0437783373441992, 1.16521388549743], [0.0, 0.0, 0.0, 1.0]], "cy": 547.13879396315, "cx": 973.24431187486, "is_bigendian": 0, "k4": 0.0, "step": 2160, "id": 3, "cameraName": "Forward_Right", "ny": 2048.0}], "id": 5}